[0.01, 0.01, 0.01, 0.01, 0.02, 0.02, 0.02, 0.02, 0.03, 0.03, 0.03, 0.03, 0.04, 0.04, 0.04, 0.04, 0.05, 0.05, 0.05, 0.05, 0.060000000000000005, 0.060000000000000005, 0.060000000000000005, 0.060000000000000005, 0.06999999999999999, 0.06999999999999999, 0.06999999
999999999, 0.06999999999999999, 0.08, 0.08, 0.08, 0.08, 0.09, 0.09, 0.09, 0.09, 0.09999999999999999, 0.09999999999999999, 0.09999999999999999, 0.09999999999999999, 0.11, 0.11, 0.11, 0.11, 0.12, 0.12, 0.12, 0.12, 0.13, 0.13, 0.13, 0.13, 0.14, 0.14, 0.14, 0.14, 0
.15000000000000002, 0.15000000000000002, 0.15000000000000002, 0.15000000000000002, 0.16, 0.16, 0.16, 0.16, 0.17, 0.17, 0.17, 0.17, 0.18000000000000002, 0.18000000000000002, 0.18000000000000002, 0.18000000000000002, 0.19, 0.19, 0.19, 0.19, 0.2, 0.2, 0.2, 0.2, 0.
21000000000000002, 0.21000000000000002, 0.21000000000000002, 0.21000000000000002, 0.22, 0.22, 0.22, 0.22, 0.23, 0.23, 0.23, 0.23, 0.24000000000000002, 0.24000000000000002, 0.24000000000000002, 0.24000000000000002, 0.25, 0.25, 0.25, 0.25, 0.26, 0.26, 0.26, 0.26,
 0.27, 0.27, 0.27, 0.27, 0.28, 0.28, 0.28, 0.28, 0.29000000000000004, 0.29000000000000004, 0.29000000000000004, 0.29000000000000004, 0.3, 0.3, 0.3, 0.3, 0.31, 0.31, 0.31, 0.31, 0.32, 0.32, 0.32, 0.32, 0.33, 0.33, 0.33, 0.33, 0.34, 0.34, 0.34, 0.34, 0.3500000000
0000003, 0.35000000000000003, 0.35000000000000003, 0.35000000000000003, 0.36000000000000004, 0.36000000000000004, 0.36000000000000004, 0.36000000000000004, 0.37, 0.37, 0.37, 0.37, 0.38, 0.38, 0.38, 0.38, 0.39, 0.39, 0.39, 0.39, 0.4, 0.4, 0.4, 0.4, 0.41000000000
000003, 0.41000000000000003, 0.41000000000000003, 0.41000000000000003, 0.42000000000000004, 0.42000000000000004, 0.42000000000000004, 0.42000000000000004, 0.43, 0.43, 0.43, 0.43, 0.44, 0.44, 0.44, 0.44, 0.45, 0.45, 0.45, 0.45, 0.46, 0.46, 0.46, 0.46, 0.47000000
000000003, 0.47000000000000003, 0.47000000000000003, 0.47000000000000003, 0.48000000000000004, 0.48000000000000004, 0.48000000000000004, 0.48000000000000004, 0.49, 0.49, 0.49, 0.49, 0.5, 0.5, 0.5, 0.5, 0.51, 0.51, 0.51, 0.51, 0.52, 0.52, 0.52, 0.52, 0.53, 0.53,
 0.53, 0.53, 0.54, 0.54, 0.54, 0.54, 0.55, 0.55, 0.55, 0.55, 0.56, 0.56, 0.56, 0.56, 0.5700000000000001, 0.5700000000000001, 0.5700000000000001, 0.5700000000000001, 0.5800000000000001, 0.5800000000000001, 0.5800000000000001, 0.5800000000000001, 0.59, 0.59, 0.59
, 0.6, 0.6, 0.61, 0.61, 0.62, 0.63]

[0.1, 0.4, 0.7, 1.0, 0.1, 0.4, 0.7, 1.0, 0.1, 0.4, 0.7, 1.0, 0.1, 0.4, 0.7, 1.0, 0.1, 0.4, 0.7, 1.0, 0.1, 0.4, 0.7, 1.0, 0.1, 0.4, 0.7, 1.0, 0.1, 0.4, 0.7, 1.0, 0.1, 0.4, 0.7, 1.0, 0.1, 0.4, 0.7, 1.0, 0.1, 0.4, 0.7, 1.0, 0.1, 0.4, 0.7, 1.0, 0.1, 0.4, 0.7, 1.0,
0.1, 0.4, 0.7, 1.0, 0.1, 0.4, 0.7, 1.0, 0.1, 0.4, 0.7, 1.0, 0.1, 0.4, 0.7, 1.0, 0.1, 0.4, 0.7, 1.0, 0.1, 0.4, 0.7, 1.0, 0.1, 0.4, 0.7, 1.0, 0.1, 0.4, 0.7, 1.0, 0.1, 0.4, 0.7, 1.0, 0.1, 0.4, 0.7, 1.0, 0.1, 0.4, 0.7, 1.0, 0.1, 0.4, 0.7, 1.0, 0.1, 0.4, 0.7, 1.0, 0
.1, 0.4, 0.7, 1.0, 0.1, 0.4, 0.7, 1.0, 0.1, 0.4, 0.7, 1.0, 0.1, 0.4, 0.7, 1.0, 0.1, 0.4, 0.7, 1.0, 0.1, 0.4, 0.7, 1.0, 0.1, 0.4, 0.7, 1.0, 0.1, 0.4, 0.7, 1.0, 0.1, 0.4, 0.7, 1.0, 0.1, 0.4, 0.7, 1.0, 0.1, 0.4, 0.7, 1.0, 0.1, 0.4, 0.7, 1.0, 0.1, 0.4, 0.7, 1.0, 0.
1, 0.4, 0.7, 1.0, 0.1, 0.4, 0.7, 1.0, 0.1, 0.4, 0.7, 1.0, 0.1, 0.4, 0.7, 1.0, 0.1, 0.4, 0.7, 1.0, 0.1, 0.4, 0.7, 1.0, 0.1, 0.4, 0.7, 1.0, 0.1, 0.4, 0.7, 1.0, 0.1, 0.4, 0.7, 1.0, 0.1, 0.4, 0.7, 1.0, 0.1, 0.4, 0.7, 1.0, 0.1, 0.4, 0.7, 1.0, 0.1, 0.4, 0.7, 1.0, 0.1
, 0.4, 0.7, 1.0, 0.1, 0.4, 0.7, 1.0, 0.1, 0.4, 0.7, 1.0, 0.1, 0.4, 0.7, 1.0, 0.1, 0.4, 0.7, 1.0, 0.1, 0.4, 0.7, 1.0, 0.1, 0.4, 0.7, 0.1, 0.4, 0.1, 0.4, 0.1, 0.1]